pass.ID	abdo.pain	vomiting	diarrhea	headache	bloody.stool	fever	onset.date
P_026	1	1	1	1	0	0	2025-02-10
P_067	1	1	1	0	0	0	2025-02-10
P_255	1	1	1	1	0	0	2025-02-10
P_048	1	0	1	1	1	1	2025-02-10
P_047	1	1	0	0	0	0	2025-02-11
P_053	1	0	1	1	1	1	2025-02-11
P_071	1	0	1	1	0	1	2025-02-11
P_072	1	1	1	1	1	1	2025-02-11
P_130	1	1	1	0	1	1	2025-02-11
P_206	1	1	1	1	0	1	2025-02-11
P_264	1	1	1	1	1	1	2025-02-11
P_456	1	1	1	1	1	1	2025-02-11
P_457	1	1	1	1	0	1	2025-02-11
P_516	1	1	1	0	0	0	2025-02-11
P_577	1	1	1	1	1	1	2025-02-11
P_715	1	0	1	1	1	1	2025-02-11
P_743	1	1	1	1	1	1	2025-02-11
P_561	1	1	1	0	0	0	2025-02-11
P_546	1	1	1	1	0	0	2025-02-11
P_648	1	1	1	0	0	0	2025-02-11
P_688	1	1	1	1	0	0	2025-02-11
P_737	1	1	1	1	0	0	2025-02-11
P_471	1	1	1	1	0	0	2025-02-11
P_476	1	1	1	1	0	0	2025-02-11
P_498	1	1	1	1	0	0	2025-02-11
P_438	1	1	1	1	0	0	2025-02-11
P_003	1	1	1	1	1	1	2025-02-12
P_027	1	0	1	0	1	1	2025-02-12
P_044	1	1	1	1	1	1	2025-02-12
P_052	1	1	1	1	1	1	2025-02-12
P_066	1	1	1	1	0	0	2025-02-12
P_123	1	0	1	1	1	1	2025-02-12
P_197	1	0	1	1	1	1	2025-02-12
P_228	1	1	1	1	1	1	2025-02-12
P_245	1	1	1	0	1	1	2025-02-12
P_246	1	1	1	1	1	1	2025-02-12
P_256	1	1	1	1	1	1	2025-02-12
P_259	1	1	0	1	0	0	2025-02-12
P_279	1	1	1	1	1	1	2025-02-12
P_359	1	1	1	1	1	1	2025-02-12
P_399	1	0	1	1	1	1	2025-02-12
P_420	1	1	1	1	0	1	2025-02-12
P_517	1	1	1	1	1	1	2025-02-12
P_522	1	1	1	1	1	1	2025-02-12
P_576	1	1	1	1	1	1	2025-02-12
P_596	1	0	1	1	0	1	2025-02-12
P_697	1	1	1	1	0	1	2025-02-12
P_716	1	0	1	1	1	1	2025-02-12
P_744	1	1	1	1	0	0	2025-02-12
P_478	1	1	1	0	0	0	2025-02-12
P_686	1	1	1	1	0	0	2025-02-12
P_706	1	1	1	1	0	0	2025-02-12
P_470	1	1	1	1	0	0	2025-02-12
P_408	1	1	1	0	0	0	2025-02-12
P_207	1	1	1	1	0	1	2025-02-13
P_219	1	0	1	1	1	1	2025-02-13
P_244	1	1	1	1	1	1	2025-02-13
P_263	1	1	0	0	0	0	2025-02-13
P_280	1	1	1	1	1	1	2025-02-13
P_360	1	1	1	1	0	0	2025-02-13
P_597	1	0	1	1	1	1	2025-02-13
P_196	1	0	1	0	1	1	2025-02-13
P_646	1	1	1	1	0	0	2025-02-13
P_654	1	1	1	0	0	0	2025-02-13
P_731	1	1	1	1	0	0	2025-02-13
P_736	1	1	1	1	0	0	2025-02-13
P_477	1	1	1	0	0	0	2025-02-13
P_647	1	1	1	1	0	0	2025-02-14
P_405	1	1	1	0	0	0	2025-02-14
